10 0.898365974426 21.0 2.73835015297 20.0 4.57834911346 19.0 6.4183549881 18.187 8.1783850193 17.5 9.93839001656 16.812 11.6984019279 16.312 13.4583890438 15.812 15.2183971405 15.375 16.9784240723 14.937 18.738407135 14.562 20.5382649899 14.25 22.3383750916 13.937 24.0983870029 13.687 25.8583920002 13.437 27.618407011 13.25 29.3783960342 13.062 
10 0.905319213867 20.375 2.74512720108 19.437 4.62503218651 18.5 6.50500202179 17.687 8.34498405457 17.0 10.1850001812 16.375 11.9450161457 15.875 13.7050220966 15.375 15.4650161266 14.937 17.2255940437 14.562 18.9849982262 14.25 20.7450301647 13.937 23.3849990368 13.5 25.1449990273 13.312 26.9050199986 13.062 28.6650190353 12.875 30.4250180721 12.687 
10 0.894291877747 20.875 2.73428702354 19.937 4.57429003716 19.062 6.33430504799 18.25 8.09431481361 17.562 9.85430884361 16.937 11.6143488884 16.375 13.3743188381 15.937 15.1343040466 15.437 16.8942959309 15.062 18.6542768478 14.687 20.4142899513 14.437 22.1743388176 14.062 23.9343128204 13.812 25.6942770481 13.562 27.4543190002 13.25 29.2942969799 13.062 
10 0.922404050827 20.125 2.76231002808 19.125 4.52234005928 18.312 6.28233790398 17.562 8.04232692719 16.875 9.80233407021 16.312 11.5623140335 15.812 13.3223149776 15.312 15.0823349953 14.875 16.8423409462 14.562 18.6023979187 14.187 20.3623440266 13.875 22.1223480701 13.625 23.8830509186 13.375 25.6423499584 13.125 27.4023530483 12.937 29.1623549461 12.75 
10 0.894382953644 21.0 2.73456501961 20.062 4.5743689537 19.125 6.41437697411 18.312 8.17462205887 17.625 9.93443799019 17.0 11.6943569183 16.437 13.4542958736 15.937 15.2143130302 15.437 16.9743080139 15.062 18.7343568802 14.687 20.4942929745 14.375 22.2543509007 14.062 24.0143098831 13.812 25.7742929459 13.562 28.4143488407 13.25 30.1743478775 13.0 
10 0.931895971298 20.687 2.69180798531 19.812 4.45179986954 19.0 6.21180295944 18.312 7.97182703018 17.687 9.73178505898 17.125 11.4917919636 16.562 13.2517879009 16.062 15.0118250847 15.625 16.8618490696 15.25 18.6118760109 14.875 20.3717930317 14.562 22.1317830086 14.25 23.8918130398 14.0 25.7318060398 13.75 27.4917759895 13.5 29.251789093 13.25 
10 0.866559028625 20.625 2.62658905983 19.75 4.38660907745 18.812 6.14664101601 18.062 7.9065759182 17.375 9.66659903526 16.75 11.4264900684 16.187 13.1864938736 15.687 14.9464840889 15.25 16.7065119743 14.875 18.466588974 14.5 20.2266309261 14.187 21.9865620136 13.937 23.7465810776 13.687 25.5066049099 13.437 27.2665719986 13.25 29.0265209675 13.062 30.7865190506 12.875 
10 0.883368015289 20.5 2.72335886955 19.625 4.56333303452 18.812 6.40335202217 18.0 8.24332904816 17.25 10.0033710003 16.625 11.8033568859 16.062 13.6033189297 15.562 15.3633370399 15.125 17.1233370304 14.687 18.8833379745 14.312 20.6433579922 14.0 23.2833390236 13.5 25.043350935 13.312 26.8033590317 13.062 28.5634160042 12.875 30.3233990669 12.687 
10 0.902853012085 20.5 2.7428381443 19.562 4.58284711838 18.687 6.42277503014 17.875 8.18278694153 17.187 9.94278693199 16.562 11.7028551102 16.0 13.4628429413 15.562 15.2227900028 15.125 16.9827971458 14.75 18.7427699566 14.375 20.5027740002 14.062 22.2628159523 13.75 24.0235340595 13.5 25.7828121185 13.312 27.5427939892 13.062 29.3328800201 12.875 
10 0.907893180847 20.25 2.74788117409 19.375 4.58787512779 18.562 6.42787098885 17.812 8.18789410591 17.187 9.94781303406 16.625 11.7078590393 16.062 13.467810154 15.625 15.2278079987 15.187 16.987817049 14.812 18.7478270531 14.437 20.5078201294 14.125 22.2678120136 13.812 24.0278379917 13.562 25.7878220081 13.375 27.5878071785 13.125 29.3879451752 12.937 
10 0.857837915421 20.062 2.61792802811 19.187 4.37793684006 18.375 6.13864183426 17.625 7.89788198471 16.937 9.65788888931 16.25 12.2978689671 15.5 14.0579059124 15.0 15.8178708553 14.625 17.5778799057 14.25 19.3378820419 13.937 21.0978639126 13.625 22.8578679562 13.375 24.6180160046 13.125 26.3779480457 12.875 28.1381649971 12.687 29.8979828358 12.5 
10 0.934464931488 20.0 2.69446015358 19.062 4.45445609093 18.25 6.2144651413 17.437 7.97450709343 16.75 9.73448300362 16.187 11.4944679737 15.625 13.2544600964 15.125 15.0143489838 14.75 17.6543560028 14.187 19.4143850803 13.812 21.1743869781 13.562 22.9350810051 13.312 24.6944169998 13.062 26.4543781281 12.875 28.2143890858 12.687 29.9743700027 12.5 
10 0.918323993683 19.812 2.75832295418 18.562 5.47832584381 17.812 7.31832695007 17.062 9.0791258812 16.437 10.8383808136 15.875 12.6083757877 15.437 14.3583137989 15.0 16.1183400154 14.562 17.8783419132 14.25 19.6383588314 13.937 21.3983469009 13.687 23.1583518982 13.437 24.9183628559 13.187 26.6782689095 13.0 28.4382708073 12.812 30.1982619762 12.625 
15 0.918488025665 20.687 2.75849294662 20.187 4.51850605011 19.687 6.27849912643 19.312 8.03849411011 18.937 9.79848814011 18.625 11.5584771633 18.312 13.3184909821 18.062 15.0784900188 17.812 16.8384790421 17.625 18.598596096 17.437 20.3587851524 17.25 22.1185860634 17.125 23.8785951138 17.0 25.6386239529 16.875 27.3984899521 16.75 29.158506155 16.625 
15 0.877882957458 21.0 2.63786005974 20.5 4.39791107178 20.0 6.1578540802 19.562 7.91778206825 19.125 9.67778491974 18.812 11.4377849102 18.5 13.1977798939 18.187 14.9577889442 17.937 16.7178630829 17.687 18.4778380394 17.5 20.2378220558 17.312 21.9978020191 17.187 23.7577810287 17.0 25.5177750587 16.875 27.2778310776 16.75 29.0377869606 16.625 30.7977979183 16.562 
15 0.905075073242 20.562 2.74502706528 20.062 4.585034132 19.562 6.42503404617 19.125 8.18516612053 18.75 9.94503903389 18.437 11.7050461769 18.125 13.4650511742 17.875 15.2251830101 17.687 16.9851751328 17.437 18.7451930046 17.312 20.5050561428 17.125 22.2650620937 17.0 24.0250480175 16.875 25.7850501537 16.75 27.5450601578 16.625 29.3050401211 16.5 
15 0.868063211441 20.687 2.62807607651 20.187 4.3880751133 19.687 6.14807510376 19.25 7.90808200836 18.875 9.66812109947 18.5 11.4281082153 18.187 13.1880810261 17.937 14.9506011009 17.687 16.7089931965 17.5 18.4682002068 17.312 20.2281081676 17.125 21.9880831242 17.0 23.7480881214 16.875 25.5081031322 16.75 27.2680771351 16.625 29.028190136 16.5 30.7881550789 16.437 
15 0.871955156326 21.062 2.63202404976 20.5 4.39197802544 20.062 6.1519510746 19.562 7.911921978 19.187 9.67186403275 18.812 11.4319779873 18.5 13.1920280457 18.187 14.9519660473 17.937 16.7118680477 17.75 18.4718780518 17.5 20.2318751812 17.312 21.9919061661 17.187 23.7518701553 17.0 25.5120441914 16.875 27.2718410492 16.75 29.0318520069 16.687 30.7918431759 16.562 
15 0.861861944199 20.75 2.62180185318 20.187 4.38183093071 19.75 6.14178705215 19.312 7.90178394318 18.937 9.66178202629 18.625 11.4218280315 18.312 13.1817970276 18.062 14.9418048859 17.812 16.7018120289 17.625 18.4617819786 17.437 20.221768856 17.25 21.9818160534 17.125 23.7417919636 17.0 25.5018219948 16.812 27.2618000507 16.75 29.0219168663 16.625 30.7818119526 16.5 
15 0.892601966858 20.812 2.73258495331 20.312 4.57258987427 19.812 6.41258597374 19.312 8.25259494781 18.937 10.0126070976 18.562 11.7725989819 18.25 13.6125919819 17.937 15.3726010323 17.687 17.1326849461 17.5 18.8926930428 17.25 20.6526789665 17.125 22.412596941 17.0 24.1725800037 16.875 25.9325959682 16.75 27.6927108765 16.562 29.4527049065 16.5 
15 0.918462991714 20.812 2.75843095779 20.25 4.51869511604 19.75 6.27837991714 19.312 8.03836202621 18.875 9.79836201668 18.5 11.5583639145 18.25 13.3183889389 17.937 15.0783810616 17.687 16.8383591175 17.437 18.5983469486 17.25 20.3583550453 17.125 22.1183619499 16.937 23.8783619404 16.812 25.6783471107 16.687 27.4783511162 16.5 29.2383439541 16.437 
15 0.912454843521 20.625 2.75245404243 20.062 4.59244799614 19.562 6.43244886398 19.187 8.19247293472 18.812 9.95245289803 18.5 11.7125279903 18.187 13.4724400043 17.937 15.2724180222 17.687 17.0724358559 17.5 18.8325250149 17.312 20.5926299095 17.125 22.3526790142 17.0 24.112459898 16.875 25.8724498749 16.75 27.632529974 16.625 29.3924908638 16.5 
15 0.876368045807 20.562 2.63635206223 20.062 4.39635705948 19.562 6.15639805794 19.187 7.91635107994 18.812 9.67631816864 18.5 11.4363381863 18.187 13.1963231564 17.937 14.956302166 17.75 16.7163510323 17.5 18.5563871861 17.312 20.3163201809 17.187 22.1563210487 17.0 23.9163432121 16.875 25.6763482094 16.75 27.4363369942 16.625 29.1963331699 16.562 
15 0.919546842575 21.0 2.7595539093 20.5 4.51954388618 20.0 6.27949786186 19.562 8.04021501541 19.187 9.79950594902 18.812 11.5594959259 18.5 13.3194890022 18.25 15.0794818401 18.0 16.83948493 17.75 18.5995368958 17.562 20.3594989777 17.375 22.1195409298 17.25 23.8796000481 17.125 25.6395349503 17.0 27.3996899128 16.812 29.1596939564 16.75 
15 1.78710579872 20.25 3.5470290184 19.812 5.30706095695 19.312 7.06706285477 18.937 8.82722496986 18.625 10.5870399475 18.312 12.3471438885 18.0 14.1072199345 17.812 15.8670389652 17.562 17.6271669865 17.375 19.3872449398 17.187 21.1470530033 17.062 22.9071538448 16.875 24.6671419144 16.812 26.4273309708 16.687 28.187073946 16.625 29.9470620155 16.437 
15 0.922133922577 21.312 2.76215195656 20.75 4.52233195305 20.187 6.28213882446 19.75 8.04210281372 19.375 9.80209994316 18.937 11.5620849133 18.625 13.3221008778 18.375 15.0821039677 18.125 16.8423089981 17.875 18.6021327972 17.625 20.3621168137 17.5 22.1221859455 17.312 23.9620778561 17.187 25.7221729755 17.062 27.4821848869 16.937 29.2420527935 16.812 
15 0.872663974762 22.437 2.6327059269 21.75 4.39274811745 21.125 6.15270900726 20.562 7.91274905205 20.062 9.67270302773 19.625 11.4327640533 19.25 13.1927220821 18.875 14.9527070522 18.562 16.7127029896 18.312 18.4727449417 18.062 20.2327399254 17.875 21.9927210808 17.625 23.7527170181 17.5 25.5127630234 17.312 27.2727100849 17.187 29.0327429771 17.062 30.7927250862 16.937 
60 0.907155990601 25.062 2.74715900421 28.437 4.58714103699 31.687 6.42713809013 34.625 8.19722104073 37.125 9.94716620445 39.25 11.7070691586 41.187 13.4670670033 42.875 15.2271091938 44.312 16.9870901108 45.687 18.7470920086 46.875 20.5077672005 47.937 22.2671051025 48.937 24.0270731449 49.812 25.7870900631 50.625 27.5470921993 51.375 29.3070909977 52.062 
60 0.941854000092 26.875 2.74184799194 30.125 4.5018799305 33.062 6.26189303398 35.75 8.02181196213 38.125 9.7818069458 40.187 11.5418429375 42.062 13.3017969131 43.687 15.0618340969 45.125 16.8217999935 46.437 18.5819129944 47.625 20.342040062 48.687 22.1019001007 49.625 23.8619139194 50.5 25.6218779087 51.25 27.3818690777 51.937 29.1418180466 52.625 
60 0.932651996613 27.687 2.69269418716 30.625 4.45266008377 33.437 6.21266198158 36.062 7.9726831913 38.375 9.73265004158 40.437 11.4926490784 42.312 13.2526540756 43.937 15.0126411915 45.375 16.7726671696 46.687 18.5326640606 47.875 20.2926590443 49.0 22.0526549816 50.0 23.8126561642 50.875 25.5726411343 51.625 27.3326551914 52.375 29.0926420689 53.0 30.8526370525 53.562 
60 0.875590085983 27.812 2.63548111916 30.812 4.39549207687 33.687 6.15549612045 36.312 7.91548705101 38.625 9.67548704147 40.687 11.4354929924 42.5 13.1954751015 44.062 14.9554960728 45.562 16.7154841423 46.812 18.4754779339 47.937 20.2354860306 49.0 21.9954750538 49.937 23.7554781437 50.75 25.5154809952 51.5 27.2754859924 52.25 29.0354859829 52.875 30.7954790592 53.437 
60 0.858436107635 28.25 2.61831307411 31.312 4.3782980442 34.25 6.13831090927 36.812 7.89832496643 39.0 9.65828108788 41.0 11.4183039665 42.812 13.1782898903 44.437 14.9382629395 45.875 16.6982989311 47.125 18.4583010674 48.312 20.218282938 49.375 21.9782810211 50.312 23.7382800579 51.125 25.4982950687 51.875 27.2582900524 52.562 29.018294096 53.187 30.7783429623 53.687 
60 0.925665855408 28.0 2.76566886902 31.125 4.52569890022 34.0 6.28568792343 36.625 8.04559993744 39.0 9.84557294846 41.062 11.6457509995 42.937 13.4055948257 44.5 15.1656308174 45.937 16.9256138802 47.25 18.6856198311 48.375 20.4455869198 49.375 22.2056069374 50.312 23.9656448364 51.125 25.725620985 51.937 27.4856159687 52.562 29.2456169128 53.187 
60 0.905166149139 27.437 2.74516916275 30.812 4.58525919914 34.0 6.42526006699 36.812 8.18529319763 39.187 9.94532299042 41.25 11.7053031921 43.125 13.4651780128 44.75 15.2251651287 46.187 16.9851751328 47.5 18.7451760769 48.625 20.5051751137 49.687 22.2651791573 50.625 24.0252161026 51.437 25.7852010727 52.187 27.5459151268 52.812 29.3051869869 53.437 
60 0.868155002594 28.937 2.62812614441 32.0 4.38804197311 34.937 6.14803504944 37.5 7.90803599358 39.75 9.66804218292 41.75 11.4280731678 43.5 13.1880660057 45.062 14.9480800629 46.5 16.7080540657 47.75 18.4681601524 48.812 20.2281010151 49.812 21.9881231785 50.75 23.7480671406 51.562 25.5080761909 52.25 27.348072052 52.937 29.1081051826 53.5 
60 0.88774394989 27.625 2.72774100304 30.812 4.5677280426 33.937 6.40772891045 36.687 8.24769806862 39.187 10.0077700615 41.25 11.7677569389 43.0 13.5277459621 44.625 15.2877418995 46.0 17.0477719307 47.25 18.8077468872 48.312 20.5677371025 49.312 22.3277468681 50.187 24.0877540112 51.0 25.8477869034 51.75 27.6077830791 52.437 29.3677608967 53.062 
60 0.86168718338 29.0 2.62184405327 32.062 4.38181614876 34.875 6.14179801941 37.375 7.90180206299 39.562 9.66182208061 41.5 11.425465107 43.25 13.1818060875 44.75 14.9416742325 46.125 16.7016880512 47.312 18.461712122 48.375 20.2216851711 49.375 21.9816861153 50.25 23.7416820526 51.062 25.5018270016 51.75 27.2618210316 52.437 29.0218131542 53.0 30.7817831039 53.562 
60 0.935802936554 28.812 2.69570088387 31.687 4.45569992065 34.437 6.21569991112 37.0 7.97570109367 39.187 9.73571109772 41.125 11.495798111 42.875 13.2558619976 44.437 15.0159459114 45.812 16.7758390903 47.125 18.5358259678 48.25 20.2958219051 49.312 22.0557980537 50.187 23.8158218861 51.062 25.5758268833 51.812 27.4158160686 52.5 29.2558159828 53.187 
60 0.85875582695 28.25 2.61818885803 31.25 4.37817597389 34.125 6.13806700706 36.687 7.89805197716 39.0 9.65817594528 41.0 11.4182050228 42.812 13.1780970097 44.375 14.9380729198 45.812 16.6980688572 47.125 18.4580760002 48.25 20.2180509567 49.312 21.9780578613 50.187 23.7380578518 51.062 25.4980609417 51.812 27.3380589485 52.5 29.0980670452 53.125 30.8580658436 53.687 
55 0.8775110244750977 28.812 2.717494010925293 31.5 4.557465314865112 34.062 6.397459268569946 36.312 8.237455606460571 38.25 9.997485160827637 39.875 11.757538318634033 41.312 13.517496585845947 42.625 15.277684688568115 43.75 17.037635326385498 44.75 18.79764485359192 45.625 20.557501077651978 46.375 22.317503690719604 47.125 24.077675342559814 47.75 25.837648630142212 48.312 27.59767508506775 48.812 29.357650995254517 49.312 
55 0.9349710941314697 27.375 2.694796085357666 29.812 4.4549338817596436 32.25 6.214809894561768 34.437 7.974817752838135 36.437 9.73479676246643 38.25 11.49473261833191 39.812 13.254704475402832 41.187 15.014705657958984 42.437 16.774752616882324 43.562 18.534732580184937 44.562 20.294724941253662 45.375 22.054722547531128 46.187 23.814765214920044 46.937 25.574731826782227 47.562 27.41471028327942 48.187 29.174724340438843 48.687 
55 0.8855581283569336 29.437 2.7255616188049316 32.0 4.565549373626709 34.375 6.405475378036499 36.562 8.24547004699707 38.5 10.085469961166382 40.187 11.845480680465698 41.562 13.605467319488525 42.812 15.365511894226074 43.937 17.125476598739624 44.875 18.885498046875 45.812 20.645467042922974 46.562 22.405600547790527 47.312 24.16557288169861 47.937 25.925577878952026 48.5 27.685474634170532 49.0 29.44552993774414 49.437 
55 0.8836386203765869 28.937 2.643684148788452 31.312 4.4036900997161865 33.625 6.163697719573975 35.625 7.923680305480957 37.437 9.683568954467773 39.062 11.44357180595398 40.5 13.203714847564697 41.812 15.043556451797485 43.062 16.803569078445435 44.125 18.5635666847229 45.062 20.323582887649536 45.875 22.08356761932373 46.687 23.84356999397278 47.375 25.603578567504883 48.0 27.36370873451233 48.562 29.12366819381714 49.125 
55 0.8822197914123535 27.312 2.6422500610351562 29.875 4.482266426086426 32.5 6.242280960083008 34.75 8.002294778823853 36.812 9.762268304824829 38.625 11.522282838821411 40.187 13.28226351737976 41.562 15.042323350906372 42.812 17.022320985794067 44.0 18.88216781616211 45.062 20.722174167633057 45.937 22.562171936035156 46.687 24.32218623161316 47.375 26.08219051361084 48.0 27.842724323272705 48.562 29.60218620300293 49.125 
55 0.896759033203125 28.125 2.736750364303589 30.75 4.576719760894775 33.312 6.416729211807251 35.562 8.256743431091309 37.562 10.016654253005981 39.187 11.776658773422241 40.687 13.536677598953247 41.937 15.296658992767334 43.062 17.056650161743164 44.125 18.8166561126709 45.062 20.576658964157104 45.875 22.336652040481567 46.625 24.096651554107666 47.312 25.856653213500977 47.937 27.616676330566406 48.5 29.376675367355347 49.0 
55 0.8716742992401123 27.812 2.631850242614746 30.125 4.391673803329468 32.5 6.151626825332642 34.687 7.911633014678955 36.687 9.751665115356445 38.5 11.51181149482727 40.125 13.271708965301514 41.5 15.03173565864563 42.75 16.791728496551514 43.875 18.55182147026062 44.937 20.31166982650757 45.812 22.071643829345703 46.625 23.831735134124756 47.312 25.591637134552002 47.937 27.351640701293945 48.5 29.111642837524414 49.062 
55 0.911834716796875 30.312 2.7517850399017334 32.875 4.59182333946228 35.187 6.431818723678589 37.25 8.271815299987793 39.0 10.111854553222656 40.562 11.951807737350464 41.937 13.791729927062988 43.187 15.631803274154663 44.25 17.471807956695557 45.25 19.231825351715088 46.062 20.991883754730225 46.812 22.75183916091919 47.812 25.391810417175293 48.375 27.151718139648438 48.937 28.911727905273438 49.437 30.671838521957397 49.875 
55 0.9182746410369873 27.312 2.758279323577881 29.687 4.5982935428619385 32.187 6.438300132751465 34.437 8.19827651977539 36.562 9.958281517028809 38.375 11.718289375305176 40.0 13.478286743164062 41.437 15.238362073898315 42.687 16.998263597488403 43.812 18.75830364227295 44.812 20.518304586410522 45.687 22.278271913528442 46.5 24.03831148147583 47.187 25.79829478263855 47.875 27.558298587799072 48.437 29.318288326263428 49.0 
55 0.8934326171875 28.0 2.7333123683929443 30.562 4.573303937911987 33.062 6.413316249847412 35.312 8.25331711769104 37.312 10.01332688331604 39.0 11.773334741592407 40.5 13.533856868743896 41.875 15.293311357498169 43.062 17.05335783958435 44.125 18.813320875167847 45.062 20.57330894470215 45.937 22.33344793319702 46.75 24.093413591384888 47.437 25.853466510772705 48.125 27.613567113876343 48.687 29.373448371887207 49.187 
55 0.9157366752624512 29.562 2.755748748779297 32.187 4.59575629234314 34.687 6.355761766433716 36.75 8.115743398666382 38.625 9.87570571899414 40.187 11.635746717453003 41.625 13.475724935531616 42.875 15.235751152038574 43.937 16.99575424194336 44.875 18.75574278831482 45.75 20.555744171142578 46.562 22.355656147003174 47.312 24.115654468536377 47.937 25.875652074813843 48.5 27.63565993309021 49.0 29.3956880569458 49.5 
55 0.904855489730835 29.312 2.74469256401062 31.812 4.590786695480347 34.25 6.424704074859619 36.5 8.184699296951294 38.437 9.944706439971924 40.062 11.704693794250488 41.562 13.464696407318115 42.875 15.224714756011963 44.0 16.984695434570312 45.0 18.74468731880188 45.937 20.504698276519775 46.687 22.264681577682495 47.437 24.02468776702881 48.062 25.78470754623413 48.625 27.544683694839478 49.187 29.304686307907104 49.625 
50 0.924140214920044 28.062 2.764153480529785 30.0 4.524208307266235 31.937 6.284162521362305 33.875 8.044214010238647 35.625 9.80405855178833 37.125 11.564053535461426 38.437 13.324061870574951 39.625 15.084069728851318 40.687 16.844111680984497 41.562 18.604065895080566 42.375 20.364062547683716 43.062 22.124199390411377 43.687 23.88725972175598 44.312 25.64419388771057 44.812 27.404224634170532 45.25 29.164207935333252 45.625 
50 0.8691449165344238 28.625 2.7091116905212402 30.812 4.469081401824951 32.812 6.229304313659668 34.562 7.989252328872681 36.187 9.749248266220093 37.562 11.5092453956604 38.75 13.269246816635132 39.812 15.029279708862305 40.75 16.789249420166016 41.562 18.54917049407959 42.312 20.309192419052124 42.937 22.06920075416565 43.562 23.829193592071533 44.062 25.589940309524536 44.5 27.349090099334717 44.937 29.109089851379395 45.375 
50 0.8890752792358398 28.062 2.649041175842285 30.0 4.409085988998413 31.937 6.169159412384033 33.812 7.929095268249512 35.375 9.689015626907349 36.812 11.449001550674438 38.062 13.209048509597778 39.187 14.969024896621704 40.125 16.729068517684937 41.0 18.488996744155884 41.812 20.249027490615845 42.437 22.00900673866272 43.125 23.76904273033142 43.687 25.528998851776123 44.187 27.28900718688965 44.687 29.049006462097168 45.125 30.80899405479431 45.5 
50 0.9348664283752441 28.625 2.6957578659057617 30.687 4.534873008728027 32.687 6.29487419128418 34.437 8.054866313934326 35.937 9.81485891342163 37.25 11.574971199035645 38.375 13.3348708152771 39.437 15.094858407974243 40.375 16.854859352111816 41.187 18.614869117736816 41.937 20.37489604949951 42.625 22.134846448898315 43.187 23.895015954971313 43.75 25.65497326850891 44.25 27.415016174316406 44.75 29.174869298934937 45.125 
50 0.8779392242431641 27.5 2.6379284858703613 29.625 4.398040533065796 31.687 6.158165693283081 33.625 7.917949438095093 35.25 9.67794394493103 36.75 11.437967538833618 38.0 13.197914361953735 39.125 14.957929611206055 40.062 16.71795964241028 40.937 18.478031158447266 41.75 20.238017797470093 42.437 21.99800395965576 43.062 23.758028030395508 43.625 25.517999410629272 44.187 27.278026819229126 44.625 29.038021564483643 45.125 30.79803228378296 45.437 
50 0.9280991554260254 28.625 2.767972707748413 30.812 4.528036594390869 32.812 6.288253545761108 34.625 8.047995567321777 36.187 9.80799651145935 37.562 11.567995548248291 38.75 13.32800841331482 39.75 15.088117837905884 40.687 16.848000049591064 41.5 18.60800004005432 42.187 20.368021726608276 42.875 22.127981901168823 43.437 23.88802194595337 44.0 25.647993326187134 44.437 27.48801350593567 44.937 29.24798846244812 45.312 
50 0.8802375793457031 28.312 2.720104217529297 30.5 4.560221433639526 32.562 6.400161266326904 34.375 8.240168333053589 35.937 10.080083847045898 37.25 11.840209245681763 38.437 13.600083589553833 39.437 15.360084533691406 40.375 17.12009835243225 41.187 18.880085706710815 41.937 20.64012384414673 42.562 22.440104484558105 43.25 24.2401020526886 43.75 26.00012183189392 44.25 27.76080846786499 44.75 29.520204782485962 45.125 
50 0.9059438705444336 27.937 2.7456095218658447 30.062 4.585605621337891 32.125 6.425605297088623 34.0 8.185623168945312 35.562 9.945638656616211 37.0 11.705634117126465 38.187 13.465628385543823 39.312 15.225620746612549 40.312 16.985618591308594 41.125 18.74561905860901 41.937 20.50562334060669 42.625 22.26562213897705 43.187 24.025686740875244 43.75 25.785622119903564 44.25 27.545609712600708 44.75 29.305689334869385 45.125 
50 0.8622100353240967 27.812 2.6221671104431152 29.875 4.382037401199341 31.875 6.142148494720459 33.625 7.902020692825317 35.187 9.662043333053589 36.562 11.422930002212524 37.812 13.18212080001831 38.937 14.9420907497406 39.875 16.702067852020264 40.812 18.462087154388428 41.625 20.22215986251831 42.312 21.98203206062317 42.937 23.74204134941101 43.562 25.502206802368164 44.062 27.262030839920044 44.5 29.022156715393066 44.937 30.78220844268799 45.375 
50 0.9336698055267334 28.625 2.6936862468719482 30.687 4.533662796020508 32.625 6.293664932250977 34.25 8.053999662399292 35.75 9.81369161605835 37.062 11.573694944381714 38.187 13.33369255065918 39.25 15.093703269958496 40.187 16.853675842285156 41.0 18.613752603530884 41.75 20.374237775802612 42.437 22.13370394706726 43.125 24.013699054718018 43.687 25.89379048347473 44.25 27.733802795410156 44.75 29.493770122528076 45.125 
50 0.9085094928741455 27.125 2.748404026031494 29.25 4.588402509689331 31.437 6.428405284881592 33.375 8.188416242599487 34.937 9.948407411575317 36.375 11.708502054214478 37.562 13.468487977981567 38.687 15.228603839874268 39.625 16.98853588104248 40.562 18.748510122299194 41.375 20.508940935134888 42.125 22.268396615982056 42.75 24.028416395187378 43.375 25.788542985916138 43.937 27.548494338989258 44.437 29.308518886566162 44.875 
50 0.9273889064788818 27.0 2.767387628555298 29.25 4.527734756469727 31.312 6.28737998008728 33.187 8.047391653060913 34.875 9.807399272918701 36.312 11.567367315292358 37.562 13.327381134033203 38.75 15.087430477142334 39.687 16.84739089012146 40.625 18.607369422912598 41.437 20.367379188537598 42.187 22.127376556396484 42.812 23.887382745742798 43.437 25.647400379180908 44.0 27.40739679336548 44.5 29.16741180419922 44.937 
45 0.9308600425720215 24.562 2.770841360092163 26.562 4.530866622924805 28.312 6.2908735275268555 30.0 8.050881385803223 31.5 9.810885190963745 32.875 11.571021556854248 34.062 13.330890417098999 35.062 15.090890407562256 36.0 16.850924253463745 36.812 18.610897541046143 37.562 20.370877742767334 38.187 22.130879402160645 38.75 23.890871047973633 39.25 25.650862216949463 39.75 27.410871505737305 40.125 29.170870780944824 40.5 
45 0.9156355857849121 24.062 2.755540609359741 26.062 4.595550537109375 27.937 6.355591058731079 29.687 8.11555552482605 31.187 9.875592947006226 32.5 11.635600805282593 33.687 13.395568370819092 34.687 15.155574321746826 35.625 16.91559410095215 36.437 18.675661325454712 37.187 20.435625553131104 37.812 22.19556736946106 38.437 23.95555806159973 38.937 25.71556282043457 39.437 27.475574493408203 39.812 29.23557734489441 40.25 
45 0.8921332359313965 23.937 2.7321298122406006 25.937 4.572204351425171 27.812 6.412220478057861 29.562 8.252215147018433 31.062 10.012255907058716 32.312 11.772216558456421 33.5 13.532110214233398 34.562 15.292112350463867 35.437 17.052104234695435 36.312 18.812108039855957 37.062 20.57210946083069 37.75 22.332103490829468 38.312 24.09209442138672 38.875 25.85210108757019 39.375 27.612096786499023 39.812 29.372113704681396 40.25 
45 0.9140372276306152 24.0 2.754034996032715 25.875 4.594026803970337 27.687 6.354037523269653 29.437 8.114067792892456 30.937 9.874167442321777 32.312 11.63414192199707 33.5 13.474145412445068 34.562 15.234191179275513 35.5 16.994043588638306 36.312 18.754051208496094 37.062 20.514085054397583 37.75 22.274032831192017 38.312 24.034040927886963 38.875 25.794044971466064 39.375 27.55405831336975 39.875 29.314107179641724 40.25 
45 0.9276759624481201 24.25 2.7676498889923096 26.312 4.5277299880981445 28.25 6.287666320800781 29.937 8.04767107963562 31.5 9.808353662490845 32.812 11.567577362060547 34.0 13.3275728225708 35.062 15.08763074874878 36.0 16.84833025932312 36.812 18.607576370239258 37.5 20.367571115493774 38.187 22.12765336036682 38.75 23.887580394744873 39.312 25.64761710166931 39.75 27.407575607299805 40.125 29.16761064529419 40.5 
45 0.9068553447723389 25.25 2.7466013431549072 27.312 4.586505174636841 29.187 6.426494121551514 30.812 8.266509056091309 32.25 10.027278184890747 33.5 11.786530017852783 34.562 13.546562433242798 35.5 15.306524276733398 36.312 17.066549062728882 37.062 18.82652735710144 37.75 20.58665680885315 38.312 22.426618099212646 38.875 24.266603469848633 39.437 26.106613636016846 39.875 27.946619987487793 40.312 29.786612510681152 40.687 
45 0.9154319763183594 23.812 2.7553999423980713 25.875 4.5954296588897705 27.812 6.3554065227508545 29.625 8.115392446517944 31.187 9.87539291381836 32.562 11.635401725769043 33.812 13.395416736602783 34.937 15.155382633209229 35.875 16.91539192199707 36.687 18.67537832260132 37.5 20.435386657714844 38.187 22.195399045944214 38.687 23.955385446548462 39.25 25.715381622314453 39.75 27.475380897521973 40.187 29.23541569709778 40.562 
45 0.9754946231842041 25.562 2.8554608821868896 27.562 4.695457458496094 29.5 6.455479621887207 31.062 8.215595245361328 32.437 9.975435256958008 33.75 11.735440969467163 34.812 13.495601415634155 35.812 15.255578994750977 36.625 17.16559600830078 37.437 19.015567779541016 38.125 20.775602102279663 38.687 22.535452127456665 39.187 24.29552412033081 39.687 26.055474519729614 40.062 27.81545901298523 40.5 29.575550317764282 40.812 
45 0.8620898723602295 23.312 2.6220991611480713 25.312 4.382070064544678 27.187 6.142072916030884 28.875 7.90206241607666 30.5 9.66214370727539 31.937 11.421995878219604 33.187 13.181950092315674 34.312 14.941971063613892 35.25 16.701967477798462 36.125 18.461971282958984 36.937 20.22286319732666 37.625 21.982057332992554 38.25 23.741974353790283 38.812 25.501994132995605 39.312 27.261966943740845 39.75 29.022007942199707 40.187 30.782145738601685 40.562 
45 0.8959019184112549 24.062 2.735888957977295 26.187 4.576005220413208 28.25 6.4159932136535645 30.062 8.176836729049683 31.562 9.936010360717773 32.875 11.775998592376709 34.125 13.53599500656128 35.187 15.296005010604858 36.062 17.056071519851685 36.875 18.816004991531372 37.625 20.575973510742188 38.25 22.33597421646118 38.812 24.09597682952881 39.312 25.856093883514404 39.812 27.615995168685913 40.25 29.3759822845459 40.562 
45 0.9111526012420654 23.562 2.751178026199341 25.437 4.591185569763184 27.375 6.351048231124878 29.187 8.111059427261353 30.812 9.871075868606567 32.187 11.631081581115723 33.437 13.391065835952759 34.5 15.151082515716553 35.5 16.911072969436646 36.312 18.67111301422119 37.062 20.431123971939087 37.75 22.19109845161438 38.312 23.951154232025146 38.875 25.71116042137146 39.375 27.551828861236572 39.875 29.31115484237671 40.25 
45 0.8865859508514404 23.875 2.6464414596557617 25.812 4.406430244445801 27.687 6.166426420211792 29.5 7.9264235496521 31.062 9.686429977416992 32.437 11.446471214294434 33.687 13.206428527832031 34.75 14.96642804145813 35.625 16.726423501968384 36.5 18.4864284992218 37.187 20.24642539024353 37.875 22.00643253326416 38.5 23.766680002212524 39.0 25.526589155197144 39.5 27.286515951156616 39.937 29.046433687210083 40.312 30.806578397750854 40.687 
40 0.9135012626647949 24.25 2.7536065578460693 25.812 4.5936195850372314 27.375 6.353658676147461 28.687 8.113737344741821 29.812 9.87352705001831 30.812 11.633527517318726 31.687 13.393544435501099 32.5 15.153527975082397 33.187 16.91352152824402 33.75 18.673527717590332 34.312 20.43353009223938 34.812 22.193538427352905 35.25 23.953540325164795 35.625 25.713543176651 36.0 27.47352433204651 36.312 29.233565092086792 36.562 
40 0.8709993362426758 24.437 2.631009101867676 25.937 4.391146659851074 27.375 6.150976896286011 28.687 7.911013841629028 29.875 9.671168327331543 30.875 11.431005954742432 31.75 13.191020488739014 32.562 14.950988292694092 33.25 16.71098232269287 33.875 18.47098994255066 34.437 20.23103404045105 34.937 21.991111755371094 35.375 23.75110912322998 35.75 25.51110315322876 36.062 27.271111488342285 36.375 29.031115531921387 36.687 30.79111075401306 36.937 
40 0.9062304496765137 23.812 2.7462310791015625 25.375 4.586215496063232 26.875 6.426249980926514 28.312 8.266213655471802 29.5 10.026244163513184 30.562 11.78621506690979 31.5 13.54622769355774 32.312 15.306231260299683 33.0 17.06623148918152 33.687 18.906248092651367 34.25 20.66621160507202 34.75 22.426342248916626 35.187 24.18709397315979 35.562 25.946358919143677 35.937 27.706319332122803 36.25 29.466227293014526 36.562 
40 0.8792839050292969 23.437 2.6392569541931152 25.0 4.47922420501709 26.562 6.239234447479248 28.0 7.999234437942505 29.187 9.759246110916138 30.25 11.519245386123657 31.187 13.279245853424072 32.0 15.039247989654541 32.75 16.799344301223755 33.375 18.559271574020386 33.937 20.3192720413208 34.437 22.07930564880371 34.875 23.839313507080078 35.312 25.5992693901062 35.687 27.35934615135193 36.0 29.11933946609497 36.312 
40 0.9191668033599854 24.0 2.7591638565063477 25.562 4.599192142486572 27.125 6.359239101409912 28.437 8.119161128997803 29.625 9.879137516021729 30.625 11.639115333557129 31.562 13.399117231369019 32.375 15.159140348434448 33.125 16.919138193130493 33.687 18.67912197113037 34.25 20.440016269683838 34.75 22.19929552078247 35.187 23.962553024291992 35.625 25.719377994537354 35.937 27.47920060157776 36.25 29.23918890953064 36.562 
40 0.8805229663848877 23.625 2.720522403717041 25.25 4.560500860214233 26.812 6.400524616241455 28.25 8.240405797958374 29.437 10.080399751663208 30.5 11.920516729354858 31.437 13.680735349655151 32.25 15.440512657165527 32.937 17.20053720474243 33.5 18.960522174835205 34.062 20.720409631729126 34.562 22.480435132980347 35.062 24.24051833152771 35.437 26.000638008117676 35.812 27.76052689552307 36.125 29.520568132400513 36.437 
40 0.8610503673553467 23.375 2.621121406555176 24.937 4.380897283554077 26.437 6.140869855880737 27.812 7.900990962982178 29.0 9.660853147506714 30.062 11.420881509780884 31.0 13.180916786193848 31.812 14.940905809402466 32.562 16.700876712799072 33.187 18.460898876190186 33.812 20.220910787582397 34.312 21.980857610702515 34.75 23.740882873535156 35.187 25.500855207443237 35.562 27.2608904838562 35.937 29.02091646194458 36.187 30.780861616134644 36.5 
40 0.8692538738250732 22.875 2.629199504852295 24.5 4.38922905921936 26.0 6.149211883544922 27.437 7.909220457077026 28.687 9.66921353340149 29.75 11.429308414459229 30.687 13.189355373382568 31.562 14.949358463287354 32.25 16.709325790405273 32.937 18.469345808029175 33.562 20.229341745376587 34.062 21.98938274383545 34.562 23.749287128448486 35.0 25.509294986724854 35.375 27.269225597381592 35.75 29.02920937538147 36.062 30.789267778396606 36.375 
40 0.8881430625915527 23.687 2.7681186199188232 25.437 4.568033933639526 26.937 6.32805609703064 28.25 8.088056802749634 29.437 9.848105430603027 30.437 11.608093023300171 31.312 13.368077993392944 32.062 15.128087759017944 32.75 16.888152837753296 33.375 18.648172616958618 33.937 20.408153295516968 34.437 22.168168306350708 34.875 23.928151845932007 35.312 25.6882266998291 35.687 27.448153972625732 36.0 29.208145141601562 36.312 
40 0.865419864654541 23.812 2.625413179397583 25.312 4.385417461395264 26.75 6.145447731018066 28.062 7.9054505825042725 29.187 9.665429830551147 30.187 11.425416469573975 31.0 13.185384750366211 31.75 14.945469617843628 32.437 16.705371856689453 33.062 18.465383052825928 33.625 20.22536301612854 34.062 21.98537302017212 34.5 23.745383739471436 34.875 25.505366802215576 35.25 27.265557527542114 35.625 29.025439739227295 35.937 30.78552794456482 36.25 
40 0.8641905784606934 22.687 2.624157428741455 24.312 4.384065389633179 25.937 6.144066572189331 27.312 7.9040632247924805 28.562 9.664066314697266 29.625 11.424104928970337 30.562 13.184072256088257 31.437 14.944051504135132 32.125 16.704052448272705 32.812 18.46407914161682 33.375 20.224071264266968 33.937 21.9840726852417 34.437 23.744086265563965 34.875 25.504052877426147 35.25 27.264057159423828 35.625 29.024045705795288 35.937 30.784040451049805 36.25 
40 0.8794224262237549 23.062 2.640133857727051 24.625 4.399419069290161 26.187 6.159412384033203 27.625 7.919406414031982 28.875 9.679304599761963 29.937 11.439332246780396 30.937 13.199300289154053 31.75 14.959346771240234 32.562 16.719319820404053 33.187 18.479350328445435 33.75 20.23929762840271 34.312 21.999425649642944 34.75 23.759429931640625 35.187 25.519439935684204 35.562 27.27947163581848 35.937 29.039457321166992 36.187 30.799306392669678 36.562 
35 0.8885056972503662 23.437 2.728496789932251 24.562 4.568480491638184 25.687 6.408483982086182 26.687 8.24848985671997 27.562 10.088488578796387 28.312 11.848495960235596 29.0 13.608501672744751 29.562 15.36857557296753 30.062 17.128778219223022 30.5 18.88858437538147 30.937 20.648520469665527 31.25 22.408579111099243 31.625 24.16875386238098 31.937 25.928600311279297 32.125 27.688677549362183 32.375 29.44859743118286 32.625 
35 0.9049806594848633 23.812 2.745014190673828 24.937 4.584953546524048 26.0 6.424915313720703 27.0 8.185085535049438 27.812 9.944901704788208 28.5 11.704907894134521 29.125 13.46491551399231 29.687 15.2249174118042 30.187 16.984904050827026 30.625 18.744913339614868 31.062 20.504900693893433 31.375 22.264899253845215 31.687 24.024906873703003 32.0 25.784894704818726 32.25 27.54489254951477 32.437 29.304913997650146 32.625 
35 0.8874180316925049 23.0 2.7274012565612793 24.125 4.567641973495483 25.312 6.4074461460113525 26.312 8.247404336929321 27.25 10.087409257888794 28.125 11.847405195236206 28.75 13.607365131378174 29.312 15.367393732070923 29.875 17.127370595932007 30.312 18.88737201690674 30.75 20.64737820625305 31.125 22.40736985206604 31.437 24.167426109313965 31.75 25.927375316619873 32.0 27.690138578414917 32.25 29.447445392608643 32.437 
35 0.8640084266662598 22.375 2.6239683628082275 23.562 4.384036064147949 24.687 6.143962621688843 25.75 7.903966903686523 26.687 9.663973093032837 27.5 11.42396068572998 28.25 13.183980226516724 28.875 14.943976640701294 29.437 16.70395827293396 29.937 18.46399188041687 30.437 20.223968744277954 30.812 21.98397183418274 31.125 23.743966817855835 31.437 25.503971815109253 31.75 27.263973236083984 32.0 29.02400779724121 32.25 30.78396725654602 32.437 
35 0.9304218292236328 22.875 2.690298080444336 24.062 4.450457572937012 25.187 6.210451602935791 26.187 7.970463275909424 27.062 9.730478286743164 27.812 11.490435123443604 28.5 13.250294923782349 29.125 15.01029896736145 29.687 16.770312547683716 30.125 18.530423879623413 30.562 20.29029083251953 30.937 22.05029845237732 31.25 23.810327768325806 31.562 25.570290327072144 31.875 27.330294370651245 32.125 29.090281009674072 32.375 30.85026502609253 32.562 
35 0.8609058856964111 22.812 2.7010185718536377 24.0 4.461024045944214 25.125 6.220930337905884 26.187 7.980940580368042 27.062 9.740916967391968 27.875 11.500915288925171 28.562 13.260915279388428 29.125 15.021021842956543 29.687 16.78091597557068 30.187 18.540911197662354 30.562 20.30091094970703 30.937 22.060920476913452 31.312 23.820961952209473 31.625 25.581056833267212 31.875 27.341063022613525 32.125 29.10176372528076 32.375 30.860910892486572 32.625 
35 0.8941395282745361 22.5 2.7341361045837402 23.625 4.574123859405518 24.75 6.414127349853516 25.812 8.254126071929932 26.687 10.094130039215088 27.5 11.854130268096924 28.125 13.614986658096313 28.75 15.37422776222229 29.312 17.134380102157593 29.75 18.894278287887573 30.187 20.654223442077637 30.562 22.414128303527832 30.937 24.174214601516724 31.25 25.934230089187622 31.562 27.694236516952515 31.812 29.454238653182983 32.062 
35 0.9324748516082764 21.875 2.692507743835449 23.062 4.453364372253418 24.187 6.2126123905181885 25.25 7.972511291503906 26.187 9.732529878616333 27.0 11.492600679397583 27.75 13.292491674423218 28.437 15.092576503753662 29.0 16.852584838867188 29.562 18.61261487007141 30.0 20.372588872909546 30.437 22.132540464401245 30.75 23.892598152160645 31.125 25.65260338783264 31.437 27.41340208053589 31.687 29.17258620262146 31.937 
35 0.8899528980255127 23.0 2.729921579360962 24.062 4.5699145793914795 25.187 6.409926891326904 26.25 8.249919176101685 27.125 10.009941101074219 27.937 11.769927024841309 28.625 13.529957056045532 29.25 15.289961576461792 29.75 17.04995036125183 30.25 18.80996012687683 30.625 20.569968700408936 31.0 22.329962968826294 31.312 24.089954137802124 31.625 25.84993863105774 31.875 27.609939098358154 32.125 29.369934797286987 32.375 
35 0.9043998718261719 22.562 2.744265556335449 23.812 4.584381818771362 25.0 6.424458742141724 26.0 9.064366817474365 27.312 10.904402256011963 28.062 12.744372606277466 28.687 14.584364414215088 29.312 16.42435908317566 29.812 18.264463901519775 30.25 20.104347229003906 30.625 21.944350242614746 31.0 23.784340381622314 31.312 25.624347448349 31.625 27.46435832977295 31.875 29.304338693618774 32.125 
35 0.9056367874145508 22.375 2.745649814605713 23.625 4.585648059844971 24.812 6.425565242767334 25.937 8.185575723648071 26.812 9.945573806762695 27.562 11.70562481880188 28.25 13.465583324432373 28.875 15.225784540176392 29.437 16.985661268234253 29.875 18.745643377304077 30.312 20.50562310218811 30.687 22.265632390975952 31.062 24.025644063949585 31.375 25.78564691543579 31.625 27.545582056045532 31.875 29.30560612678528 32.125 
35 0.8654417991638184 22.437 2.6254360675811768 23.562 4.386178493499756 24.75 6.145381689071655 25.812 7.905377626419067 26.75 9.665374279022217 27.625 11.425386428833008 28.312 13.185370922088623 28.937 14.945387601852417 29.562 16.705388069152832 30.0 18.46537184715271 30.437 20.305381059646606 30.812 22.065539598464966 31.187 23.82541561126709 31.5 25.585389614105225 31.75 27.345414400100708 31.937 29.105403423309326 32.187 
30 0.9275960922241211 23.312 2.7676122188568115 24.0 4.5274505615234375 24.562 6.2874534130096436 25.125 8.047505378723145 25.562 9.807500839233398 26.0 11.567516565322876 26.375 13.327489137649536 26.75 15.087621688842773 27.0 16.84758234024048 27.312 18.607526779174805 27.5 20.36748433113098 27.687 22.127487897872925 27.937 23.88756227493286 28.062 25.647488832473755 28.25 27.40750002861023 28.375 29.167484283447266 28.5 
30 0.8582031726837158 22.75 2.6182339191436768 23.5 4.378241539001465 24.125 6.138203382492065 24.75 7.898275375366211 25.25 9.658148765563965 25.687 11.41816782951355 26.062 13.178126335144043 26.437 14.93819808959961 26.75 16.698140621185303 27.062 18.45813012123108 27.25 20.218119144439697 27.5 21.978172540664673 27.687 23.73814105987549 27.937 25.498178005218506 28.062 27.25824546813965 28.25 29.018229722976685 28.375 30.778235912322998 28.5 
30 0.8850171566009521 22.125 2.725001096725464 22.875 4.5649919509887695 23.562 6.404975652694702 24.25 8.244980096817017 24.812 10.085053205490112 25.312 11.925082683563232 25.75 14.645109176635742 26.375 16.485103607177734 26.687 18.325055360794067 27.0 20.16493797302246 27.25 22.00503158569336 27.5 23.84499168395996 27.75 25.605093479156494 27.937 27.364989519119263 28.062 29.12497901916504 28.25 
30 0.9129645824432373 22.5 2.752960681915283 23.187 4.592954874038696 23.875 6.432953119277954 24.5 8.192929983139038 25.0 9.952953100204468 25.437 11.712942361831665 25.875 13.472937822341919 26.187 15.2329421043396 26.5 16.992956399917603 26.75 18.752941608428955 27.0 20.51296830177307 27.25 22.272945880889893 27.437 24.032942295074463 27.687 25.792937517166138 27.812 27.552987337112427 28.0 29.312938928604126 28.187 
30 0.8932292461395264 22.875 2.7332000732421875 23.562 4.573187828063965 24.25 6.413210868835449 24.875 8.253209829330444 25.375 10.013302087783813 25.812 11.773253202438354 26.187 13.533207654953003 26.5 15.293208837509155 26.812 17.053203344345093 27.125 18.813256978988647 27.312 20.57341456413269 27.562 22.333229303359985 27.75 24.0932035446167 27.937 25.853212118148804 28.125 27.61322283744812 28.25 29.37320375442505 28.375 
30 0.8948798179626465 22.5 2.7348744869232178 23.187 4.574885129928589 23.875 6.414807558059692 24.5 8.25480341911316 25.062 10.014830827713013 25.562 11.774826765060425 25.937 13.534860372543335 26.312 15.294808387756348 26.625 17.05490779876709 26.937 18.8148250579834 27.187 20.57482075691223 27.375 22.334824800491333 27.562 24.094817638397217 27.75 25.854868412017822 27.937 27.614835500717163 28.125 29.374866485595703 28.25 
30 0.8955047130584717 22.562 2.735459089279175 23.312 4.575477838516235 24.0 6.415380477905273 24.625 8.25538182258606 25.187 10.015510082244873 25.687 11.775372982025146 26.062 13.535403728485107 26.437 15.295367002487183 26.75 17.055373668670654 27.0 18.81536555290222 27.312 20.575382947921753 27.562 22.335369110107422 27.75 24.09551453590393 27.937 25.93536877632141 28.062 27.69538187980652 28.25 29.535377740859985 28.375 
30 0.8694667816162109 22.562 2.629387855529785 23.25 4.389384031295776 23.937 6.149397134780884 24.562 7.90938925743103 25.125 9.669455289840698 25.625 11.429511070251465 26.062 13.189499139785767 26.375 14.949484825134277 26.75 16.709555864334106 27.0 18.469455242156982 27.312 20.229495763778687 27.5 21.989481449127197 27.75 23.74939465522766 27.937 25.50939154624939 28.125 27.26938486099243 28.25 29.02938199043274 28.437 30.78949213027954 28.562 
30 0.9162960052490234 22.312 2.7561867237091064 23.062 4.596179723739624 23.75 6.356208562850952 24.312 8.116211652755737 24.875 9.87618637084961 25.375 11.636221647262573 25.75 13.396208047866821 26.125 15.156174182891846 26.5 16.916188955307007 26.812 18.67623209953308 27.062 20.436184406280518 27.312 22.19617986679077 27.5 23.956323862075806 27.687 25.716346740722656 27.875 27.47636914253235 28.062 29.236192226409912 28.187 
30 0.8692185878753662 22.875 2.6291615962982178 23.562 4.38930344581604 24.25 6.149154901504517 24.812 7.9091503620147705 25.375 9.66915249824524 25.812 11.429165124893188 26.25 13.18919587135315 26.562 14.949174880981445 26.937 16.709165811538696 27.187 18.46915364265442 27.437 20.22919726371765 27.687 21.989166975021362 27.875 23.749289512634277 28.062 25.509172916412354 28.25 27.269173860549927 28.375 29.02917218208313 28.5 30.86916995048523 28.625 
30 0.8613476753234863 22.312 2.6214640140533447 23.0 4.381357192993164 23.687 6.141354084014893 24.312 7.901344060897827 24.812 9.66144609451294 25.312 11.421361684799194 25.75 13.18135929107666 26.125 14.941381216049194 26.437 16.701364755630493 26.75 18.46135640144348 27.0 20.221373081207275 27.187 21.981383562088013 27.437 23.741347789764404 27.625 25.501351356506348 27.75 27.26136565208435 27.937 29.021371126174927 28.062 30.78135371208191 28.187 
30 0.9072678089141846 22.812 2.7472801208496094 23.5 4.587162494659424 24.187 6.427156925201416 24.812 8.18726634979248 25.312 9.947250843048096 25.75 11.70728063583374 26.187 13.46714973449707 26.562 15.227159261703491 26.812 16.98715877532959 27.125 18.787256956100464 27.375 20.587246894836426 27.625 22.34748125076294 27.812 24.10724973678589 28.0 25.86725378036499 28.125 27.627269506454468 28.312 29.38744568824768 28.437 
30 0.935096025466919 22.312 2.7750697135925293 23.062 4.535085201263428 23.75 6.295087099075317 24.375 8.055086851119995 24.937 9.815087795257568 25.437 11.575087785720825 25.875 13.335155963897705 26.25 15.095160961151123 26.625 16.8551504611969 26.875 18.615102767944336 27.187 20.37512183189392 27.437 22.135108470916748 27.687 23.895121097564697 27.875 25.655138731002808 28.062 27.415332078933716 28.187 29.175194263458252 28.312 
25 0.9144136905670166 21.375 2.754411458969116 21.75 4.5944178104400635 22.062 6.354438781738281 22.375 8.114433288574219 22.625 9.874435901641846 22.875 11.634339332580566 23.062 13.39435362815857 23.25 15.154325485229492 23.437 16.91442847251892 23.562 18.75433874130249 23.75 20.514349699020386 23.812 22.27434492111206 23.937 24.034339904785156 24.062 25.794332027435303 24.125 27.554895401000977 24.25 29.314348220825195 24.312 
25 0.9139389991760254 21.437 2.7539381980895996 21.812 4.593952655792236 22.125 6.433974266052246 22.437 8.274008750915527 22.687 10.113967895507812 22.937 11.953970670700073 23.125 13.793829917907715 23.375 15.553823471069336 23.5 17.31384825706482 23.625 19.073887825012207 23.75 20.873841762542725 23.875 22.67383623123169 24.0 24.433818578720093 24.062 26.19381809234619 24.125 27.953842878341675 24.25 29.713904857635498 24.312 
20 0.9179210662841797 22.937 2.7579097747802734 22.687 4.597892999649048 22.437 6.357970714569092 22.25 8.118001937866211 22.062 9.877946138381958 21.937 11.63794493675232 21.75 13.397849321365356 21.687 15.157940149307251 21.5 17.797850131988525 21.375 19.557868719100952 21.312 21.31795048713684 21.187 23.077850818634033 21.125 24.83788537979126 21.062 26.597851991653442 21.0 28.3578462600708 20.937 30.117854833602905 20.875 
20 0.8648357391357422 21.75 2.624767780303955 21.625 4.3847105503082275 21.437 6.144675016403198 21.375 7.904666900634766 21.25 9.66470193862915 21.125 11.424678325653076 21.062 13.184673070907593 20.937 14.944670915603638 20.937 16.704684495925903 20.812 18.464691162109375 20.75 20.22467303276062 20.75 21.984716653823853 20.687 23.74468469619751 20.625 25.504685401916504 20.625 27.264675855636597 20.562 29.024683237075806 20.562 30.784709215164185 20.5 
20 0.934725284576416 21.375 2.6947543621063232 21.25 4.454719066619873 21.125 6.214755296707153 21.0 7.9747397899627686 20.937 9.734724521636963 20.875 11.494731903076172 20.812 13.254789352416992 20.75 15.054802894592285 20.687 16.854893684387207 20.625 18.61472988128662 20.625 20.374729871749878 20.562 22.134742736816406 20.562 23.894715547561646 20.5 25.654736280441284 20.437 27.41474413871765 20.437 29.174826860427856 20.437 
20 0.9113991260528564 21.437 2.7513463497161865 21.312 4.591320991516113 21.187 6.351360082626343 21.062 8.111470460891724 21.0 9.871283054351807 20.937 11.631331443786621 20.812 13.391299962997437 20.812 15.1513032913208 20.75 16.911327838897705 20.687 18.67128348350525 20.625 20.431293725967407 20.625 22.191280603408813 20.562 23.952003002166748 20.562 25.71127676963806 20.5 27.471294403076172 20.5 29.231996297836304 20.437 
20 0.9119744300842285 21.25 2.751814603805542 21.187 4.591903924942017 21.062 6.3520331382751465 20.937 8.111897945404053 20.875 9.87188720703125 20.812 11.631935119628906 20.75 13.391815900802612 20.687 15.151849031448364 20.625 16.912107467651367 20.625 18.671828746795654 20.562 20.432554483413696 20.5 22.191912174224854 20.5 23.9919171333313 20.437 25.791908979415894 20.437 27.551860332489014 20.437 29.311829566955566 20.437 
20 0.9045548439025879 21.375 2.744525194168091 21.25 4.584550380706787 21.187 6.424529790878296 21.062 8.184483289718628 21.0 9.944484949111938 20.875 11.704481840133667 20.812 13.464499950408936 20.75 15.224487543106079 20.75 16.984522104263306 20.687 18.74451231956482 20.625 20.504642009735107 20.625 22.264495134353638 20.562 24.02453088760376 20.562 25.785396575927734 20.5 27.544606924057007 20.5 29.304491758346558 20.437 
20 0.8982603549957275 21.125 2.7382383346557617 21.0 4.578267812728882 20.937 6.418274164199829 20.875 8.258238792419434 20.75 10.018272876739502 20.687 11.778279304504395 20.625 13.53827452659607 20.625 15.298264741897583 20.562 17.058279275894165 20.562 18.81827712059021 20.5 20.579004764556885 20.5 22.338276386260986 20.437 24.098278522491455 20.437 25.859008312225342 20.437 27.618276596069336 20.437 29.37827157974243 20.375 
20 0.9193189144134521 21.25 2.7592294216156006 21.187 4.5192365646362305 21.062 6.279324531555176 21.0 8.039283037185669 20.937 9.799228191375732 20.812 11.559227228164673 20.75 13.319387435913086 20.687 15.079261302947998 20.687 16.839219093322754 20.625 18.599215030670166 20.562 20.359301328659058 20.562 22.11936330795288 20.5 23.879321336746216 20.5 25.6392719745636 20.437 27.399302005767822 20.437 29.159287929534912 20.437 
20 0.8682644367218018 21.312 2.6282405853271484 21.25 4.388247489929199 21.125 6.148269176483154 21.0 7.908343076705933 20.937 9.668274402618408 20.875 11.428249835968018 20.812 13.18827772140503 20.75 14.948340892791748 20.687 16.70824933052063 20.625 18.4683039188385 20.625 20.22832202911377 20.562 21.988290071487427 20.562 23.74821639060974 20.5 25.508217811584473 20.437 27.26826238632202 20.437 29.028218269348145 20.437 30.78835105895996 20.437 
20 0.9313716888427734 21.25 2.691419839859009 21.125 4.451384544372559 21.062 6.211291551589966 20.937 7.971296787261963 20.875 9.731286525726318 20.812 11.571278810501099 20.75 13.331292629241943 20.687 15.091319799423218 20.687 16.851534366607666 20.625 18.61142587661743 20.562 20.371398448944092 20.562 22.1321542263031 20.5 23.89139747619629 20.5 25.651320695877075 20.437 27.411292552947998 20.437 29.171284437179565 20.437 
20 0.9045579433441162 21.0 2.744527816772461 20.937 4.584522008895874 20.875 6.424631357192993 20.812 8.344670534133911 20.75 10.184531211853027 20.687 12.024513959884644 20.625 13.86450743675232 20.562 15.704506874084473 20.562 17.46451735496521 20.5 19.2245614528656 20.437 20.984614849090576 20.437 22.74460244178772 20.437 24.504667282104492 20.437 26.264654397964478 20.437 28.025230884552002 20.375 29.864651203155518 20.375 
20 0.9208376407623291 21.312 2.7608425617218018 21.187 4.520853757858276 21.125 6.280853271484375 21.0 8.040754556655884 20.937 9.800732374191284 20.875 11.560745477676392 20.812 13.320825576782227 20.75 15.080825567245483 20.687 16.840860605239868 20.625 18.600820064544678 20.625 20.3608455657959 20.562 22.120755910873413 20.5 23.880745887756348 20.5 25.640758752822876 20.5 27.640824794769287 20.437 29.480885982513428 20.437 
25 0.9293406009674072 25.125 2.6893277168273926 25.125 4.449321508407593 25.125 6.209317445755005 25.125 7.969303369522095 25.187 9.72931957244873 25.187 11.489490270614624 25.187 13.249462604522705 25.187 15.009471893310547 25.187 16.769393920898438 25.187 18.549448013305664 25.187 20.289329528808594 25.187 22.04936170578003 25.187 23.809301614761353 25.187 25.5693461894989 25.187 27.329314947128296 25.187 29.089311838150024 25.187 30.849321126937866 25.187 
25 0.9124200344085693 24.312 2.754486083984375 24.437 4.5924153327941895 24.5 6.432430982589722 24.625 8.193125486373901 24.687 10.032501220703125 24.75 11.792587518692017 24.812 13.552475214004517 24.812 15.312589168548584 24.875 17.072433948516846 24.937 18.83241057395935 24.937 20.592504501342773 25.0 22.352532863616943 25.0 24.11250877380371 25.0 25.872511625289917 25.062 27.633342027664185 25.062 29.392505168914795 25.062 
25 0.925424337387085 23.625 2.7654387950897217 23.75 4.525513172149658 23.875 6.285431861877441 24.0 8.04551911354065 24.187 9.805433750152588 24.25 11.56543231010437 24.375 13.327507972717285 24.375 15.085433721542358 24.5 16.845438241958618 24.5 18.60544228553772 24.562 20.365453243255615 24.625 22.125428676605225 24.687 23.895477294921875 24.687 25.645427942276 24.75 27.405425786972046 24.812 29.205435514450073 24.812 
25 0.8648979663848877 23.062 2.6249327659606934 23.25 4.384911298751831 23.437 6.144903182983398 23.625 7.904917001724243 23.75 9.66483473777771 23.875 11.42495846748352 24.0 13.184869050979614 24.125 14.945698499679565 24.25 16.704909086227417 24.312 18.464890956878662 24.375 20.2248854637146 24.437 21.984867095947266 24.5 23.744837999343872 24.562 25.50483465194702 24.625 27.264940977096558 24.687 29.024887323379517 24.687 30.78498673439026 24.75 
25 0.8759493827819824 23.187 2.6359269618988037 23.375 4.395938873291016 23.562 6.15594220161438 23.687 7.915976047515869 23.812 9.676164865493774 24.0 11.435974359512329 24.062 13.19598388671875 24.187 14.955995082855225 24.312 16.715988874435425 24.375 18.475977897644043 24.375 20.23599934577942 24.5 22.076011180877686 24.562 23.835971117019653 24.562 25.59603452682495 24.687 27.35598921775818 24.687 29.11602807044983 24.75 
25 0.9263534545898438 22.937 2.7663514614105225 23.125 4.526367664337158 23.312 6.286365270614624 23.5 8.046613216400146 23.687 9.806457281112671 23.812 11.646541833877563 23.937 13.486493349075317 24.0 15.246491432189941 24.125 17.006484746932983 24.187 18.76649308204651 24.312 20.52636957168579 24.375 22.28636884689331 24.437 24.047236919403076 24.5 25.80645489692688 24.5 27.56636643409729 24.562 29.32635736465454 24.625 
25 0.878767728805542 22.75 2.6387619972229004 23.0 4.398872375488281 23.187 6.238749027252197 23.375 7.998766899108887 23.562 9.758785963058472 23.687 11.518765449523926 23.875 13.27876877784729 23.937 15.039016723632812 24.062 16.798869371414185 24.187 18.55891990661621 24.25 20.318950414657593 24.312 22.078794956207275 24.375 23.838892936706543 24.437 25.59879207611084 24.5 27.358767986297607 24.562 29.11875867843628 24.625 
25 0.8819022178649902 23.25 2.72188401222229 23.437 4.561852216720581 23.562 6.401950120925903 23.75 8.241762638092041 23.875 10.081773519515991 24.0 11.841789960861206 24.125 13.681843996047974 24.187 15.441879987716675 24.312 17.201878309249878 24.375 18.961888074874878 24.437 20.721869945526123 24.5 22.48189067840576 24.5 24.241779327392578 24.562 26.001774787902832 24.625 27.762600421905518 24.625 29.524332761764526 24.687 
25 0.8585162162780762 22.812 2.618499994277954 23.0 4.378469944000244 23.25 6.138533592224121 23.437 7.898558616638184 23.562 9.65856671333313 23.75 11.41860580444336 23.875 13.258552074432373 24.0 15.018575429916382 24.062 16.778571844100952 24.187 18.618578672409058 24.25 20.378616094589233 24.312 22.138540029525757 24.375 23.898585557937622 24.437 25.658576011657715 24.5 27.41849112510681 24.562 29.178466796875 24.562 
25 0.8936705589294434 23.5 2.73362398147583 23.687 4.573867082595825 23.812 6.413622856140137 23.937 8.253609895706177 24.062 10.093636274337769 24.125 11.933631896972656 24.25 13.773635625839233 24.312 15.613661766052246 24.437 17.373664379119873 24.437 19.133623123168945 24.5 20.893559217453003 24.562 22.653560638427734 24.625 24.413662672042847 24.625 26.42375946044922 24.687 28.253835916519165 24.687 30.093572854995728 24.75 
25 0.9158511161804199 23.625 2.7558438777923584 23.75 4.595847845077515 23.875 6.3559794425964355 24.0 8.115919351577759 24.125 9.875940799713135 24.187 11.63811993598938 24.25 13.395967960357666 24.312 15.155926942825317 24.375 16.9158616065979 24.437 18.6758451461792 24.5 20.435946226119995 24.562 22.195887088775635 24.625 23.955871105194092 24.625 25.715929746627808 24.687 27.475947618484497 24.687 29.23596167564392 24.75 
25 0.8773746490478516 23.562 2.637357711791992 23.687 4.39736533164978 23.875 6.157330751419067 24.0 7.917371511459351 24.125 9.677273988723755 24.187 11.437258243560791 24.312 13.197291612625122 24.375 14.957257986068726 24.437 16.71729302406311 24.5 18.477254629135132 24.562 20.237260103225708 24.625 21.997370958328247 24.625 23.75739312171936 24.687 25.517513513565063 24.687 27.277334451675415 24.75 29.037363290786743 24.75 30.79734230041504 24.812 
25 0.863398551940918 23.437 2.623295307159424 23.625 4.38334584236145 23.75 6.143251895904541 23.875 7.903212308883667 24.0 9.663197755813599 24.125 11.423214435577393 24.187 13.183215618133545 24.25 14.94342827796936 24.312 16.703211545944214 24.375 18.463346242904663 24.437 20.223275899887085 24.5 21.98353099822998 24.562 23.82334041595459 24.625 25.66326642036438 24.625 27.503283500671387 24.687 29.3432936668396 24.687 
