10 0.898365974426 21.0 2.73835015297 20.0 4.57834911346 19.0 6.4183549881 18.187 8.1783850193 17.5 9.93839001656 16.812 11.6984019279 16.312 13.4583890438 15.812 15.2183971405 15.375 16.9784240723 14.937 18.738407135 14.562 20.5382649899 14.25 22.3383750916 13.937 24.0983870029 13.687 25.8583920002 13.437 27.618407011 13.25 29.3783960342 13.062 
10 0.905319213867 20.375 2.74512720108 19.437 4.62503218651 18.5 6.50500202179 17.687 8.34498405457 17.0 10.1850001812 16.375 11.9450161457 15.875 13.7050220966 15.375 15.4650161266 14.937 17.2255940437 14.562 18.9849982262 14.25 20.7450301647 13.937 23.3849990368 13.5 25.1449990273 13.312 26.9050199986 13.062 28.6650190353 12.875 30.4250180721 12.687 
10 0.894291877747 20.875 2.73428702354 19.937 4.57429003716 19.062 6.33430504799 18.25 8.09431481361 17.562 9.85430884361 16.937 11.6143488884 16.375 13.3743188381 15.937 15.1343040466 15.437 16.8942959309 15.062 18.6542768478 14.687 20.4142899513 14.437 22.1743388176 14.062 23.9343128204 13.812 25.6942770481 13.562 27.4543190002 13.25 29.2942969799 13.062 
10 0.922404050827 20.125 2.76231002808 19.125 4.52234005928 18.312 6.28233790398 17.562 8.04232692719 16.875 9.80233407021 16.312 11.5623140335 15.812 13.3223149776 15.312 15.0823349953 14.875 16.8423409462 14.562 18.6023979187 14.187 20.3623440266 13.875 22.1223480701 13.625 23.8830509186 13.375 25.6423499584 13.125 27.4023530483 12.937 29.1623549461 12.75 
10 0.894382953644 21.0 2.73456501961 20.062 4.5743689537 19.125 6.41437697411 18.312 8.17462205887 17.625 9.93443799019 17.0 11.6943569183 16.437 13.4542958736 15.937 15.2143130302 15.437 16.9743080139 15.062 18.7343568802 14.687 20.4942929745 14.375 22.2543509007 14.062 24.0143098831 13.812 25.7742929459 13.562 28.4143488407 13.25 30.1743478775 13.0 
10 0.931895971298 20.687 2.69180798531 19.812 4.45179986954 19.0 6.21180295944 18.312 7.97182703018 17.687 9.73178505898 17.125 11.4917919636 16.562 13.2517879009 16.062 15.0118250847 15.625 16.8618490696 15.25 18.6118760109 14.875 20.3717930317 14.562 22.1317830086 14.25 23.8918130398 14.0 25.7318060398 13.75 27.4917759895 13.5 29.251789093 13.25 
10 0.866559028625 20.625 2.62658905983 19.75 4.38660907745 18.812 6.14664101601 18.062 7.9065759182 17.375 9.66659903526 16.75 11.4264900684 16.187 13.1864938736 15.687 14.9464840889 15.25 16.7065119743 14.875 18.466588974 14.5 20.2266309261 14.187 21.9865620136 13.937 23.7465810776 13.687 25.5066049099 13.437 27.2665719986 13.25 29.0265209675 13.062 30.7865190506 12.875 
10 0.883368015289 20.5 2.72335886955 19.625 4.56333303452 18.812 6.40335202217 18.0 8.24332904816 17.25 10.0033710003 16.625 11.8033568859 16.062 13.6033189297 15.562 15.3633370399 15.125 17.1233370304 14.687 18.8833379745 14.312 20.6433579922 14.0 23.2833390236 13.5 25.043350935 13.312 26.8033590317 13.062 28.5634160042 12.875 30.3233990669 12.687 
10 0.902853012085 20.5 2.7428381443 19.562 4.58284711838 18.687 6.42277503014 17.875 8.18278694153 17.187 9.94278693199 16.562 11.7028551102 16.0 13.4628429413 15.562 15.2227900028 15.125 16.9827971458 14.75 18.7427699566 14.375 20.5027740002 14.062 22.2628159523 13.75 24.0235340595 13.5 25.7828121185 13.312 27.5427939892 13.062 29.3328800201 12.875 
10 0.907893180847 20.25 2.74788117409 19.375 4.58787512779 18.562 6.42787098885 17.812 8.18789410591 17.187 9.94781303406 16.625 11.7078590393 16.062 13.467810154 15.625 15.2278079987 15.187 16.987817049 14.812 18.7478270531 14.437 20.5078201294 14.125 22.2678120136 13.812 24.0278379917 13.562 25.7878220081 13.375 27.5878071785 13.125 29.3879451752 12.937 
10 0.857837915421 20.062 2.61792802811 19.187 4.37793684006 18.375 6.13864183426 17.625 7.89788198471 16.937 9.65788888931 16.25 12.2978689671 15.5 14.0579059124 15.0 15.8178708553 14.625 17.5778799057 14.25 19.3378820419 13.937 21.0978639126 13.625 22.8578679562 13.375 24.6180160046 13.125 26.3779480457 12.875 28.1381649971 12.687 29.8979828358 12.5 
10 0.934464931488 20.0 2.69446015358 19.062 4.45445609093 18.25 6.2144651413 17.437 7.97450709343 16.75 9.73448300362 16.187 11.4944679737 15.625 13.2544600964 15.125 15.0143489838 14.75 17.6543560028 14.187 19.4143850803 13.812 21.1743869781 13.562 22.9350810051 13.312 24.6944169998 13.062 26.4543781281 12.875 28.2143890858 12.687 29.9743700027 12.5 
10 0.918323993683 19.812 2.75832295418 18.562 5.47832584381 17.812 7.31832695007 17.062 9.0791258812 16.437 10.8383808136 15.875 12.6083757877 15.437 14.3583137989 15.0 16.1183400154 14.562 17.8783419132 14.25 19.6383588314 13.937 21.3983469009 13.687 23.1583518982 13.437 24.9183628559 13.187 26.6782689095 13.0 28.4382708073 12.812 30.1982619762 12.625 
15 0.918488025665 20.687 2.75849294662 20.187 4.51850605011 19.687 6.27849912643 19.312 8.03849411011 18.937 9.79848814011 18.625 11.5584771633 18.312 13.3184909821 18.062 15.0784900188 17.812 16.8384790421 17.625 18.598596096 17.437 20.3587851524 17.25 22.1185860634 17.125 23.8785951138 17.0 25.6386239529 16.875 27.3984899521 16.75 29.158506155 16.625 
15 0.877882957458 21.0 2.63786005974 20.5 4.39791107178 20.0 6.1578540802 19.562 7.91778206825 19.125 9.67778491974 18.812 11.4377849102 18.5 13.1977798939 18.187 14.9577889442 17.937 16.7178630829 17.687 18.4778380394 17.5 20.2378220558 17.312 21.9978020191 17.187 23.7577810287 17.0 25.5177750587 16.875 27.2778310776 16.75 29.0377869606 16.625 30.7977979183 16.562 
15 0.905075073242 20.562 2.74502706528 20.062 4.585034132 19.562 6.42503404617 19.125 8.18516612053 18.75 9.94503903389 18.437 11.7050461769 18.125 13.4650511742 17.875 15.2251830101 17.687 16.9851751328 17.437 18.7451930046 17.312 20.5050561428 17.125 22.2650620937 17.0 24.0250480175 16.875 25.7850501537 16.75 27.5450601578 16.625 29.3050401211 16.5 
15 0.868063211441 20.687 2.62807607651 20.187 4.3880751133 19.687 6.14807510376 19.25 7.90808200836 18.875 9.66812109947 18.5 11.4281082153 18.187 13.1880810261 17.937 14.9506011009 17.687 16.7089931965 17.5 18.4682002068 17.312 20.2281081676 17.125 21.9880831242 17.0 23.7480881214 16.875 25.5081031322 16.75 27.2680771351 16.625 29.028190136 16.5 30.7881550789 16.437 
15 0.871955156326 21.062 2.63202404976 20.5 4.39197802544 20.062 6.1519510746 19.562 7.911921978 19.187 9.67186403275 18.812 11.4319779873 18.5 13.1920280457 18.187 14.9519660473 17.937 16.7118680477 17.75 18.4718780518 17.5 20.2318751812 17.312 21.9919061661 17.187 23.7518701553 17.0 25.5120441914 16.875 27.2718410492 16.75 29.0318520069 16.687 30.7918431759 16.562 
15 0.861861944199 20.75 2.62180185318 20.187 4.38183093071 19.75 6.14178705215 19.312 7.90178394318 18.937 9.66178202629 18.625 11.4218280315 18.312 13.1817970276 18.062 14.9418048859 17.812 16.7018120289 17.625 18.4617819786 17.437 20.221768856 17.25 21.9818160534 17.125 23.7417919636 17.0 25.5018219948 16.812 27.2618000507 16.75 29.0219168663 16.625 30.7818119526 16.5 
15 0.892601966858 20.812 2.73258495331 20.312 4.57258987427 19.812 6.41258597374 19.312 8.25259494781 18.937 10.0126070976 18.562 11.7725989819 18.25 13.6125919819 17.937 15.3726010323 17.687 17.1326849461 17.5 18.8926930428 17.25 20.6526789665 17.125 22.412596941 17.0 24.1725800037 16.875 25.9325959682 16.75 27.6927108765 16.562 29.4527049065 16.5 
15 0.918462991714 20.812 2.75843095779 20.25 4.51869511604 19.75 6.27837991714 19.312 8.03836202621 18.875 9.79836201668 18.5 11.5583639145 18.25 13.3183889389 17.937 15.0783810616 17.687 16.8383591175 17.437 18.5983469486 17.25 20.3583550453 17.125 22.1183619499 16.937 23.8783619404 16.812 25.6783471107 16.687 27.4783511162 16.5 29.2383439541 16.437 
15 0.912454843521 20.625 2.75245404243 20.062 4.59244799614 19.562 6.43244886398 19.187 8.19247293472 18.812 9.95245289803 18.5 11.7125279903 18.187 13.4724400043 17.937 15.2724180222 17.687 17.0724358559 17.5 18.8325250149 17.312 20.5926299095 17.125 22.3526790142 17.0 24.112459898 16.875 25.8724498749 16.75 27.632529974 16.625 29.3924908638 16.5 
15 0.876368045807 20.562 2.63635206223 20.062 4.39635705948 19.562 6.15639805794 19.187 7.91635107994 18.812 9.67631816864 18.5 11.4363381863 18.187 13.1963231564 17.937 14.956302166 17.75 16.7163510323 17.5 18.5563871861 17.312 20.3163201809 17.187 22.1563210487 17.0 23.9163432121 16.875 25.6763482094 16.75 27.4363369942 16.625 29.1963331699 16.562 
15 0.919546842575 21.0 2.7595539093 20.5 4.51954388618 20.0 6.27949786186 19.562 8.04021501541 19.187 9.79950594902 18.812 11.5594959259 18.5 13.3194890022 18.25 15.0794818401 18.0 16.83948493 17.75 18.5995368958 17.562 20.3594989777 17.375 22.1195409298 17.25 23.8796000481 17.125 25.6395349503 17.0 27.3996899128 16.812 29.1596939564 16.75 
15 1.78710579872 20.25 3.5470290184 19.812 5.30706095695 19.312 7.06706285477 18.937 8.82722496986 18.625 10.5870399475 18.312 12.3471438885 18.0 14.1072199345 17.812 15.8670389652 17.562 17.6271669865 17.375 19.3872449398 17.187 21.1470530033 17.062 22.9071538448 16.875 24.6671419144 16.812 26.4273309708 16.687 28.187073946 16.625 29.9470620155 16.437 
15 0.922133922577 21.312 2.76215195656 20.75 4.52233195305 20.187 6.28213882446 19.75 8.04210281372 19.375 9.80209994316 18.937 11.5620849133 18.625 13.3221008778 18.375 15.0821039677 18.125 16.8423089981 17.875 18.6021327972 17.625 20.3621168137 17.5 22.1221859455 17.312 23.9620778561 17.187 25.7221729755 17.062 27.4821848869 16.937 29.2420527935 16.812 
15 0.872663974762 22.437 2.6327059269 21.75 4.39274811745 21.125 6.15270900726 20.562 7.91274905205 20.062 9.67270302773 19.625 11.4327640533 19.25 13.1927220821 18.875 14.9527070522 18.562 16.7127029896 18.312 18.4727449417 18.062 20.2327399254 17.875 21.9927210808 17.625 23.7527170181 17.5 25.5127630234 17.312 27.2727100849 17.187 29.0327429771 17.062 30.7927250862 16.937 
60 0.907155990601 25.062 2.74715900421 28.437 4.58714103699 31.687 6.42713809013 34.625 8.19722104073 37.125 9.94716620445 39.25 11.7070691586 41.187 13.4670670033 42.875 15.2271091938 44.312 16.9870901108 45.687 18.7470920086 46.875 20.5077672005 47.937 22.2671051025 48.937 24.0270731449 49.812 25.7870900631 50.625 27.5470921993 51.375 29.3070909977 52.062 
60 0.941854000092 26.875 2.74184799194 30.125 4.5018799305 33.062 6.26189303398 35.75 8.02181196213 38.125 9.7818069458 40.187 11.5418429375 42.062 13.3017969131 43.687 15.0618340969 45.125 16.8217999935 46.437 18.5819129944 47.625 20.342040062 48.687 22.1019001007 49.625 23.8619139194 50.5 25.6218779087 51.25 27.3818690777 51.937 29.1418180466 52.625 
60 0.932651996613 27.687 2.69269418716 30.625 4.45266008377 33.437 6.21266198158 36.062 7.9726831913 38.375 9.73265004158 40.437 11.4926490784 42.312 13.2526540756 43.937 15.0126411915 45.375 16.7726671696 46.687 18.5326640606 47.875 20.2926590443 49.0 22.0526549816 50.0 23.8126561642 50.875 25.5726411343 51.625 27.3326551914 52.375 29.0926420689 53.0 30.8526370525 53.562 
60 0.875590085983 27.812 2.63548111916 30.812 4.39549207687 33.687 6.15549612045 36.312 7.91548705101 38.625 9.67548704147 40.687 11.4354929924 42.5 13.1954751015 44.062 14.9554960728 45.562 16.7154841423 46.812 18.4754779339 47.937 20.2354860306 49.0 21.9954750538 49.937 23.7554781437 50.75 25.5154809952 51.5 27.2754859924 52.25 29.0354859829 52.875 30.7954790592 53.437 
60 0.858436107635 28.25 2.61831307411 31.312 4.3782980442 34.25 6.13831090927 36.812 7.89832496643 39.0 9.65828108788 41.0 11.4183039665 42.812 13.1782898903 44.437 14.9382629395 45.875 16.6982989311 47.125 18.4583010674 48.312 20.218282938 49.375 21.9782810211 50.312 23.7382800579 51.125 25.4982950687 51.875 27.2582900524 52.562 29.018294096 53.187 30.7783429623 53.687 
60 0.925665855408 28.0 2.76566886902 31.125 4.52569890022 34.0 6.28568792343 36.625 8.04559993744 39.0 9.84557294846 41.062 11.6457509995 42.937 13.4055948257 44.5 15.1656308174 45.937 16.9256138802 47.25 18.6856198311 48.375 20.4455869198 49.375 22.2056069374 50.312 23.9656448364 51.125 25.725620985 51.937 27.4856159687 52.562 29.2456169128 53.187 
60 0.905166149139 27.437 2.74516916275 30.812 4.58525919914 34.0 6.42526006699 36.812 8.18529319763 39.187 9.94532299042 41.25 11.7053031921 43.125 13.4651780128 44.75 15.2251651287 46.187 16.9851751328 47.5 18.7451760769 48.625 20.5051751137 49.687 22.2651791573 50.625 24.0252161026 51.437 25.7852010727 52.187 27.5459151268 52.812 29.3051869869 53.437 
60 0.868155002594 28.937 2.62812614441 32.0 4.38804197311 34.937 6.14803504944 37.5 7.90803599358 39.75 9.66804218292 41.75 11.4280731678 43.5 13.1880660057 45.062 14.9480800629 46.5 16.7080540657 47.75 18.4681601524 48.812 20.2281010151 49.812 21.9881231785 50.75 23.7480671406 51.562 25.5080761909 52.25 27.348072052 52.937 29.1081051826 53.5 
60 0.88774394989 27.625 2.72774100304 30.812 4.5677280426 33.937 6.40772891045 36.687 8.24769806862 39.187 10.0077700615 41.25 11.7677569389 43.0 13.5277459621 44.625 15.2877418995 46.0 17.0477719307 47.25 18.8077468872 48.312 20.5677371025 49.312 22.3277468681 50.187 24.0877540112 51.0 25.8477869034 51.75 27.6077830791 52.437 29.3677608967 53.062 
60 0.86168718338 29.0 2.62184405327 32.062 4.38181614876 34.875 6.14179801941 37.375 7.90180206299 39.562 9.66182208061 41.5 11.425465107 43.25 13.1818060875 44.75 14.9416742325 46.125 16.7016880512 47.312 18.461712122 48.375 20.2216851711 49.375 21.9816861153 50.25 23.7416820526 51.062 25.5018270016 51.75 27.2618210316 52.437 29.0218131542 53.0 30.7817831039 53.562 
60 0.935802936554 28.812 2.69570088387 31.687 4.45569992065 34.437 6.21569991112 37.0 7.97570109367 39.187 9.73571109772 41.125 11.495798111 42.875 13.2558619976 44.437 15.0159459114 45.812 16.7758390903 47.125 18.5358259678 48.25 20.2958219051 49.312 22.0557980537 50.187 23.8158218861 51.062 25.5758268833 51.812 27.4158160686 52.5 29.2558159828 53.187 
60 0.85875582695 28.25 2.61818885803 31.25 4.37817597389 34.125 6.13806700706 36.687 7.89805197716 39.0 9.65817594528 41.0 11.4182050228 42.812 13.1780970097 44.375 14.9380729198 45.812 16.6980688572 47.125 18.4580760002 48.25 20.2180509567 49.312 21.9780578613 50.187 23.7380578518 51.062 25.4980609417 51.812 27.3380589485 52.5 29.0980670452 53.125 30.8580658436 53.687 
